DS	Ntot	done	Nfail	Nabort	Nstuck	Ncreated
0	0	0	0	0	0	
0	0	0	0	0	0	
0	0	0	0	0	0	
0	0	0	0	0	0	
0	0	0	0	0	0	
0	0	0	0	0	0	
0	0	0	0	0	0	
0	0	0	0	0	0	
0	0	0	0	0	0	
0	0	0	0	0	0	
0	0	0	0	0	0	
0	0	0	0	0	0	
0	0	0	0	0	0	
0	0	0	0	0	0	
0	0	0	0	0	0	
0	0	0	0	0	0	
0	0	0	0	0	0	
0	0	0	0	0	0	
0	0	0	0	0	0	
0	0	0	0	0	0	
0	0	0	0	0	0	
0	0	0	0	0	0	
0	0	0	0	0	0	
0	0	0	0	0	0	
0	0	0	0	0	0	
0	0	0	0	0	0	
0	0	0	0	0	0	
0	0	0	0	0	0	
0	0	0	0	0	0	
0	0	0	0	0	0	
0	0	0	0	0	0	
107	105	2	0	0	0	
107	105	2	0	0	0	
107	105	2	0	0	0	
107	105	2	0	0	0	
107	105	2	0	0	0	
13	7	5	0	0	0	
13	7	5	0	0	0	
13	7	5	0	0	0	
13	7	5	0	0	0	
13	7	5	0	0	0	
13	7	5	0	0	0	
13	7	5	0	0	0	
13	7	5	0	0	0	
1527	136	17	0	0		
1527	1373	136	16	0	0	
1527	1374	136	17	0	0	
1527	1374	136	17	0	0	
1527	1374	136	17	0	0	
163	156	5	2	0	0	
163	156	5	2	0	0	
163	156	5	2	0	0	
163	156	5	2	0	0	
163	156	5	2	0	0	
189	147	41	0	0	0	
189	147	41	0	0	0	
189	148	41	0	0	0	
189	148	41	0	0	0	
189	148	41	0	0	0	
189	148	41	0	0	0	
189	148	41	0	0	0	
189	148	41	0	0	0	
189	148	41	0	0	0	
189	148	41	0	0	0	
189	148	41	0	0	0	
189	148	41	0	0	0	
25	10	15	0	0	0	
25	10	15	0	0	0	
25	10	15	0	0	0	
25	10	15	0	0	0	
25	10	15	0	0	0	
25	10	15	0	0	0	
25	10	15	0	0	0	
25	10	15	0	0	0	
27	1	26	0	0	0	
27	1	26	0	0	0	
27	1	26	0	0	0	
27	1	26	0	0	0	
27	1	26	0	0	0	
27	1	26	0	0	0	
27	1	26	0	0	0	
332	328	4	0	0	0	
332	328	4	0	0	0	
332	328	4	0	0	0	
332	328	4	0	0	0	
334	333	1	0	0	0	
334	333	1	0	0	0	
334	333	1	0	0	0	
334	333	1	0	0	0	
334	333	1	0	0	0	
336	308	28	0	0	0	
336	308	28	0	0	0	
336	308	28	0	0	0	
336	308	28	0	0	0	
336	308	28	0	0	0	
348	0	0	0	12	0	
348	0	0	0	4	0	
348	0	0	0	4	0	
348	0	0	0	4	0	
348	0	0	0	79	0	
7	7	0	0	0	0	
7	7	0	0	0	0	
7	7	0	0	0	0	
7	7	0	0	0	0	
7	7	0	0	0	0	
7	7	0	0	0	0	
7	7	0	0	0	0	
97	78	19	0	0	0	
97	78	19	0	0	0	
97	78	19	0	0	0	
97	78	19	0	0	0	
97	78	19	0	0	0	
97	78	19	0	0	0	
MC/TTbarJets	348	0	0	0	8	0
MC/T_schan	13	7	5	0	0	0
MC/T_tWchan	25	10	15	0	0	0
MC/T_tchan	0	0	0	0	0	0
MC/T_tchan	189	148	41	0	0	0
MC/T_tchan	189	148	41	0	0	0
MC/Tbar_schan	0	0	0	0	0	0
MC/Tbar_tWchan	0	0	0	0	0	0
TTbarJets	348	0	0	0	10	0
TTbarJets	348	347	0	1	0	0
TTbarJets	348	348	0	0	0	0
T_schan	13	12	0	0	0	0
T_schan	13	12	0	0	0	0
T_schan	13	7	5	0	0	0
T_tWchan	25	10	15	0	0	0
T_tWchan	25	25	0	0	0	0
T_tWchan	25	25	0	0	0	0
T_tchan	189	148	41	0	0	0
T_tchan	189	189	0	0	0	0
T_tchan	189	189	0	0	0	0
Tbar_schan	7	7	0	0	0	0
Tbar_schan	7	7	0	0	0	0
Tbar_schan	7	7	0	0	0	0
Tbar_tWchan	0	0	0	0	0	0
Tbar_tWchan	27	1	26	0	0	0
Tbar_tWchan	27	27	0	0	0	0
Tbar_tWchan	27	27	0	0	0	0
Tbar_tchan	97	78	19	0	0	0
Tbar_tchan	97	97	0	0	0	0
Tbar_tchan	97	97	0	0	0	0
WGamma	163	156	5	2	0	0
WGamma	163	163	0	0	0	0
WGamma	163	163	0	0	0	0
WW	334	333	1	0	0	0
WW	334	333	1	0	0	0
WW	334	333	1	0	0	0
WZ	336	308	28	0	0	0
WZ	336	335	1	0	0	0
WZ	336	335	1	0	0	0
ZGamma	107	105	2	0	0	0
ZGamma	107	107	0	0	0	0
ZGamma	107	107	0	0	0	0
ZJets_2l	1527	1374	136	17	0	0
ZJets_2l	1527	1516	11	0	0	0
ZJets_2l	1527	1520	7	0	0	0
ZZ	332	328	4	0	0	0
ZZ	332	332	0	0	0	0
ZZ	332	332	0	0	0	0
